image_width: 1024
image_height: 768
camera_name: ov5647__base_soc_i2c0mux_i2c_1_ov5647_36_1024x768
camera_matrix:
  rows: 3
  cols: 3
  data: [591.81068730898744, 0, 511.5, 0, 591.4454918512472, 383.5, 0, 0, 1]
distortion_model: plumb_bob
distortion_coefficients:
  rows: 1
  cols: 5
  data: [-0.28960344297383411, 0.064191227836625966, 0.0024141728275644063, 0.001502341916235058, 0]
rectification_matrix:
  rows: 3
  cols: 3
  data: [1, 0, 0, 0, 1, 0, 0, 0, 1]
projection_matrix:
  rows: 3
  cols: 4
  data: [423.12026977539062, 0, 516.97852163275456, 0, 0, 504.55294799804688, 386.25101480840749, 0, 0, 0, 1, 0]
binning_x: 0
binning_y: 0
roi:
  x_offset: 0
  y_offset: 0
  height: 0
  width: 0
  do_rectify: false